SIZES
  nstack                1835008
  nbuffer               14192
  nplugin               0
  pstack                144
  parena                144
  maxuse_stack          1980
  maxuse_arena          15984
  maxuse_con            0
  maxuse_efc            0
  solver_iter           0
  solver_nnz            0
  nbodypair_broad       0
  nbodypair_narrow      0
  ngeompair_mid         0
  ngeompair_narrow      0
  ne                    0
  nf                    0
  nefc                  0
  nnzJ                  0
  ncon                  0

TIMER
    0:  duration =  0.044      number = 1
    1:  duration =  0.017      number = 1
    2:  duration =  0          number = 0
    3:  duration =  0.011      number = 1
    4:  duration =  0.0038     number = 1
    5:  duration =  0.00066    number = 1
    6:  duration =  0.001      number = 1
    7:  duration =  0.00013    number = 1
    8:  duration =  0.003      number = 1
    9:  duration =  0.0025     number = 1
    10:  duration =  0.00021    number = 1
    11:  duration =  0.0045     number = 1
    12:  duration =  0.00011    number = 1

ENERGY =   0         0       

TIME =  6.4     

QPOS
   1       
   3.3e-16 
   0       
   0       
   1       
   1.1e-15 
   7.1e-18 
   3.1e-16 
   1       
  -1.1e-15 
  -3e-16   
  -3.2e-16 
   1       
  -1.3e-15 
   2.8e-16 
   9.6e-18 

QVEL
   8.2e-17 
  -2e-17   
   1.2e-18 
  -8.5e-17 
   2.3e-16 
   3.3e-16 
  -1.3e-15 
  -2.1e-16 
  -6.8e-17 
   1.1e-14 
   1.8e-16 
   6.4e-17 

QACC_WARMSTART
   3.7e-19 
   2.7e-15 
   1.6e-21 
   3.6e-15 
   1.6e-12 
   5e-19   
  -1.1e-11 
  -1.6e-12 
  -4.5e-14 
   1.8e-10 
   7.3e-12 
   8.6e-13 

CTRL
   0       
   0       
   0       
   0       
   0       
   0       

QFRC_APPLIED
   0       
   0       
   0       
   0       
   0       
   0       
   0       
   0       
   0       
   0       
   0       
   0       

XFRC_APPLIED
   0         0         0         0         0         0       
   0         0         0         0         0         0       
   0         0         0         0         0         0       
   0         0         0         0         0         0       
   0         0         0         0         0         0       

QACC
   3.7e-19 
   2.7e-15 
   1.6e-21 
   3.6e-15 
   1.6e-12 
   5e-19   
  -1.1e-11 
  -1.6e-12 
  -4.5e-14 
   1.8e-10 
   7.3e-12 
   8.6e-13 

XPOS
   0         0         0       
  -0.25      0.25      0       
  -0.25      0.25      0.25    
   0         0.25      0.25    
  -7.7e-18   0.05      0.25    

XQUAT
   1         0         0         0       
   1         3.3e-16   0         0       
   1         1.4e-15   7.1e-18   3.1e-16 
   1         3.1e-16  -2.9e-16  -1.9e-17 
   1        -1e-15    -9.7e-18  -9.8e-18 

XMAT
   1         0         0         0         1         0         0         0         1       
   1         0         0         0         1        -6.6e-16   0         6.6e-16   1       
   1        -6.1e-16   1.4e-17   6.1e-16   1        -2.8e-15  -1.4e-17   2.8e-15   1       
   1         3.9e-17  -5.9e-16  -3.9e-17   1        -6.3e-16   5.9e-16   6.3e-16   1       
   1         2e-17    -1.9e-17  -2e-17     1         2e-15     1.9e-17  -2e-15     1       

XIPOS
   0         0         0       
  -0.25      0.25      0.12    
  -0.12      0.25      0.25    
  -3.9e-18   0.15      0.25    
  -8.2e-18   0.025     0.25    

XIMAT
   1         0         0         0         1         0         0         0         1       
   1         0         0         0        -1         5.4e-16   0        -5.4e-16  -1       
   2.2e-16  -6.1e-16  -1        -2.8e-15   1        -6.1e-16   1         2.8e-15   2.2e-16 
   1         5.9e-16   3.9e-17  -3.9e-17   7.2e-16   1         5.9e-16  -1         7.2e-16 
   1         1.9e-17   2e-17    -2e-17    -1.8e-15   1         1.9e-17  -1        -1.8e-15 

XANCHOR
  -0.25      0.25      0       
  -0.25      0.25      0.25    
   0         0.25      0.25    
  -7.7e-18   0.05      0.25    

XAXIS
   0         0         1       
   0        -6.6e-16   1       
   1.4e-17  -2.8e-15   1       
  -5.9e-16  -6.3e-16   1       

GEOM_XPOS
   0         0        -0.01    
  -0.25      0.25      0.12    
  -0.12      0.25      0.25    
  -3.9e-18   0.15      0.25    
  -8.2e-18   0.025     0.25    

GEOM_XMAT
   1         0         0         0         1         0         0         0         1       
   1         0         0         0        -1         5.4e-16   0        -5.4e-16  -1       
   2.2e-16  -6.1e-16  -1        -2.8e-15   1        -6.1e-16   1         2.8e-15   2.2e-16 
   1         5.9e-16   3.9e-17  -3.9e-17   7.2e-16   1         5.9e-16  -1         7.2e-16 
   1         1.9e-17   2e-17    -2e-17    -1.8e-15   1         1.9e-17  -1        -1.8e-15 

SITE_XPOS
   0         0         0.25    
  -8.7e-18  -1.4e-17   0.25    

SITE_XMAT
   1         0         0         0         1         0         0         0         1       
   1         2e-17    -1.9e-17  -2e-17     1         2e-15     1.9e-17  -2e-15     1       

LIGHT_XPOS
   0         0         2       

LIGHT_XDIR
   0         0        -1       

SUBTREE_COM
  -0.12      0.21      0.21    
  -0.12      0.21      0.21    
  -0.062     0.19      0.25    
  -4.7e-18   0.12      0.25    
  -8.2e-18   0.025     0.25    

CDOF
   1         0         0         0        -0.21     -0.042   
   0         1         6.6e-16   0.21      8.3e-17  -0.12    
   0        -6.6e-16   1         0.042     0.12      8.3e-17 
   1         6.1e-16  -1.4e-17  -2.6e-17   0.042    -0.042   
  -6.1e-16   1         2.8e-15  -0.042     3.3e-16  -0.12    
   1.4e-17  -2.8e-15   1         0.042     0.12      3.6e-16 
   1        -3.9e-17   5.9e-16   2.6e-17   0.042    -0.042   
   3.9e-17   1         6.3e-16  -0.042    -7.7e-17   0.12    
  -5.9e-16  -6.3e-16   1         0.042    -0.13     -5.4e-17 
   1        -2e-17     1.9e-17  -2.3e-18   0.042     0.16    
   2e-17     1        -2e-15    -0.042     2.5e-16   0.12    
  -1.9e-17   2e-15     1        -0.16     -0.12      2.5e-16 

CINERT
   0         0         0         0         0         0         0         0         0         0       
   0.0014    0.0028    0.0017    0.00052  -0.001     0.00035  -0.013     0.0042   -0.0083    0.1     
   0.00035   0.0007    0.0007   -3.2e-19   1.1e-19  -0.00017   0         0.0042    0.0042    0.1     
   0.00068   0.0014    0.0018    0.00058  -0.00042   0.00019   0.01     -0.0047    0.0033    0.08    
   0.00071   0.00035   0.00099   0.00046  -0.0001    0.00015   0.0025   -0.0037    0.00083   0.02    

ACTUATOR_LENGTH
  -8.7e-18 
  -1.4e-17 
  -2.8e-17 
  -2e-15   
  -1.9e-17 
  -2e-17   

ACTUATOR_MOMENT
   0         0.25      0.25     -3.5e-18   6.8e-16   0.25      1.5e-16   1.3e-16   0.25      9.7e-19   1.4e-17   0.05    
  -0.25      1.7e-16   0.25      2.8e-17   7.1e-16   0.25      2.8e-17  -1.2e-32  -2.8e-17  -1.1e-16   0         0       
  -0.25     -0.25      1.7e-16  -0.25     -0.25      7.1e-16  -0.25      0         1.5e-16  -0.05      0         9.7e-19 
   1         0         0         1        -6.1e-16   1.4e-17   1         3.9e-17  -5.9e-16   1         2e-17    -1.9e-17 
   0         1        -6.6e-16   6.1e-16   1        -2.8e-15  -3.9e-17   1        -6.3e-16  -2e-17     1         2e-15   
   0         6.6e-16   1        -1.4e-17   2.8e-15   1         5.9e-16   6.3e-16   1         1.9e-17  -2e-15     1       

CRB
   0         0         0         0         0         0         0         0         0         0       
   0.0031    0.0052    0.0052    0.0016   -0.0016    0.00052   0         5.2e-18   0         0.3     
   0.0017    0.0024    0.0035    0.001    -0.00052   0.00017   0.013    -0.0042    0.0083    0.2     
   0.0014    0.0017    0.0028    0.001    -0.00052   0.00035   0.013    -0.0083    0.0042    0.1     
   0.00071   0.00035   0.00099   0.00046  -0.0001    0.00015   0.0025   -0.0037    0.00083   0.02    

QM
   0.017     0.0031   -0.0094    0.0021    0.0031   -0.0094    0.0021   -2.2e-19  -9.1e-19   0.00012   1.6e-34   9.1e-21 
   0.0031    0.023     0.0031    0.0031    0.0083    0.0031    0.0031    6.7e-06   0.0031    0.00013   1.3e-06   0.00013 
  -0.0094    0.0031    0.01     -5.6e-19   2.3e-17   0.01      7.3e-19   3e-19     0.0021   -3.7e-19  -1.5e-20   0.00012 
   0.0021    0.0031   -5.6e-19   0.0021    0.0031   -6.9e-18   0.0021   -2.1e-19  -1.4e-18   0.00012   8.1e-22   7.5e-21 
   0.0031    0.0083    2.3e-17   0.0031    0.0083    4.9e-18   0.0031    6.7e-06   3.1e-18   0.00012   1.3e-06   2.8e-19 
  -0.0094    0.0031    0.01     -6.9e-18   4.9e-18   0.01     -6.1e-18   2.9e-19   0.0021   -6.4e-19  -1.8e-20   0.00012 
   0.0021    0.0031    7.3e-19   0.0021    0.0031   -6.1e-18   0.0021   -2.2e-19  -1.1e-19   0.00012  -5.2e-23   7.8e-20 
  -2.2e-19   6.7e-06   3e-19    -2.1e-19   6.7e-06   2.9e-19  -2.2e-19   6.7e-06   3.8e-19   0         1.3e-06   2.1e-20 
  -9.1e-19   0.0031    0.0021   -1.4e-18   3.1e-18   0.0021   -1.1e-19   3.8e-19   0.0021   -5.5e-20  -1.5e-20   0.00012 
   0.00012   0.00013  -3.7e-19   0.00012   0.00012  -6.4e-19   0.00012   0        -5.5e-20   1.7e-05  -2.6e-23   1.1e-20 
   1.6e-34   1.3e-06  -1.5e-20   8.1e-22   1.3e-06  -1.8e-20  -5.2e-23   1.3e-06  -1.5e-20  -2.6e-23   1.3e-06  -1.7e-20 
   9.1e-21   0.00013   0.00012   7.5e-21   2.8e-19   0.00012   7.8e-20   2.1e-20   0.00012   1.1e-20  -1.7e-20   1.7e-05 

QLD
   0.004    -2e-16     6.3e-14   1        -3.3e-15  -1.1       1        -4.1e-14  -5.6e-17   6.8       1.3e-28   5.3e-16 
  -2e-16     0.0097   -1.6e-13   6.5e-14   1        -1.2e-15   1.8       1         1.8       7.2       1         7.2     
   6.3e-14  -1.6e-13   6.7e-06  -6.3e-14   2.2e-15   1         2.3e-15  -1.5e-14   1        -2.6e-14   7.5e-14   6.8     
   1         6.5e-14  -6.3e-14   6.7e-06  -1.3e-16   4.6e-17   1        -4e-14    -4.1e-16   6.8       6.1e-16   4.3e-16 
  -3.3e-15   1         2.2e-15  -1.3e-16   0.0034    1.2e-15   1.8       1         1.6e-15   7.2       1         1.6e-14 
  -1.1      -1.2e-15   1         4.6e-17   1.2e-15   0.0083   -1.6e-15  -1.8e-14   1        -4.1e-14   7.3e-14   6.8     
   1         1.8       2.3e-15   1         1.8      -1.6e-15   0.0013   -4.1e-14   2e-16     6.8      -3.9e-17   4.5e-15 
  -4.1e-14   1        -1.5e-14  -4e-14     1        -1.8e-14  -4.1e-14   5.3e-06   1.1e-16   1.5e-18   1         1.2e-15 
  -5.6e-17   1.8       1        -4.1e-16   1.6e-15   1         2e-16     1.1e-16   0.0013   -7.6e-15   7.5e-14   6.8     
   6.8       7.2      -2.6e-14   6.8       7.2      -4.1e-14   6.8       1.5e-18  -7.6e-15   1.7e-05  -2e-17     6.6e-16 
   1.3e-28   1         7.5e-14   6.1e-16   1         7.3e-14  -3.9e-17   1         7.5e-14  -2e-17     1.3e-06  -9.8e-16 
   5.3e-16   7.2       6.8       4.3e-16   1.6e-14   6.8       4.5e-15   1.2e-15   6.8       6.6e-16  -9.8e-16   1.7e-05 

QLDIAGINV
   2.5e+02 
   1e+02   
   1.5e+05 
   1.5e+05 
   2.9e+02 
   1.2e+02 
   7.7e+02 
   1.9e+05 
   7.7e+02 
   5.8e+04 
   7.5e+05 
   5.8e+04 

QLDIAGSQRTINV
   16      
   10      
   3.9e+02 
   3.9e+02 
   17      
   11      
   28      
   4.3e+02 
   28      
   2.4e+02 
   8.7e+02 
   2.4e+02 

D_rownnz              12 12 12 12 12 12 12 12 12 12 12 12

D_rowadr              0 12 24 36 48 60 72 84 96 108 120 132

D_colind              0 1 2 3 4 5 6 7 8 9 10 11 0 1 2 3 4 5 6 7 8 9 10 11 0 1 2 3 4 5 6 7 8 9 10 11 0 1 2 3 4 5 6 7 8 9 10 11 0 1 2 3 4 5 6 7 8 9 10 11 0 1 2 3 4 5 6 7 8 9 10 11 0 1 2 3 4 5 6 7 8 9 10 11 0 1 2 3 4 5 6 7 8 9 10 11 0 1 2 3 4 5 6 7 8 9 10 11 0 1 2 3 4 5 6 7 8 9 10 11 0 1 2 3 4 5 6 7 8 9 10 11 0 1 2 3 4 5 6 7 8 9 10 11

B_rownnz              12 12 12 12 12

B_rowadr              0 12 24 36 48

B_colind              0 1 2 3 4 5 6 7 8 9 10 11 0 1 2 3 4 5 6 7 8 9 10 11 0 1 2 3 4 5 6 7 8 9 10 11 0 1 2 3 4 5 6 7 8 9 10 11 0 1 2 3 4 5 6 7 8 9 10 11

QDERIV
  -3        -0.97      1.6      -0.94     -0.97      1.6      -0.91     -2.5e-18   4.5e-16  -0.19     -9.9e-19   3.8e-18 
  -0.97     -3.5      -0.97     -0.97     -1.5      -0.97     -0.97     -0.067    -0.97     -0.14     -0.051    -0.14    
   1.6      -0.97     -2.4       4.2e-16  -5.5e-15  -2.4      -1.3e-16  -3.7e-16  -0.91      4.1e-16   9.5e-17  -0.19    
  -0.94     -0.97      4.3e-16  -0.94     -0.97      2.5e-15  -0.91     -4.3e-17   5.5e-16  -0.19     -3.2e-17   6.5e-18 
  -0.97     -1.5      -5.5e-15  -0.97     -1.5      -2.2e-15  -0.97     -0.067    -1.8e-15  -0.14     -0.051    -6.2e-16 
   1.6      -0.97     -2.4       2.5e-15  -2.2e-15  -2.4       2e-15    -2.3e-16  -0.91      7.2e-16   2.1e-16  -0.19    
  -0.91     -0.97     -1.2e-16  -0.91     -0.97      2e-15    -0.91      1.4e-19   3.2e-19  -0.19      9.8e-19  -1.1e-16 
  -2.6e-18  -0.067    -3.7e-16  -4.4e-17  -0.067    -2.3e-16  -2.3e-21  -0.067    -3.7e-16  -9.8e-19  -0.051    -2e-16   
   4.5e-16  -0.97     -0.91      5.5e-16  -1.8e-15  -0.91     -3.2e-19  -3.8e-16  -0.91      1.1e-16   9.3e-17  -0.19    
  -0.19     -0.14      4.1e-16  -0.19     -0.14      7.2e-16  -0.19     -9.7e-19   1.1e-16  -0.078     1.5e-21   7.9e-24 
  -9.9e-19  -0.051     9.7e-17  -3.2e-17  -0.051     2.1e-16   9.7e-19  -0.051     9.5e-17  -3.6e-22  -0.051    -7.4e-18 
   3.7e-18  -0.14     -0.19      6.4e-18  -6.2e-16  -0.19     -1.1e-16  -2.1e-16  -0.19     -7.9e-24  -7.7e-18  -0.078   

QLU
   0.0044    1.7e-05  -0.0032    1         4.3e-05  -1.1       1        -1e-14    -3.6e-16   3.3       1.9e-17   5.6e-17 
   1.8e-07   0.011     4.7e-08   1.2e-07   1         1.7e-05   1.6       1         1.6       2.8       1         2.8     
  -1.1e-07   1.7e-12   3.5e-05  -1.2e-14   2.2e-15   1         1.5e-15  -3.8e-15   1        -8.6e-15  -1.5e-15   3.3     
   3.5e-05   4.3e-12  -4.2e-19   3.5e-05   4.3e-05   4e-17     1        -9.5e-15  -6.4e-16   3.3       6.3e-16   1.1e-17 
   1.6e-07   0.0038    8.3e-18   1.6e-07   0.0038    1.3e-15   1.6       1         1.3e-15   2.8       1         9.5e-15 
  -0.011     1.6e-07   0.0098    3.9e-19   1.2e-17   0.0098   -2e-15    -6e-15     1        -1.5e-14  -3.7e-15   3.3     
   0.002     0.0032    2.9e-18   0.002     0.0032   -4.1e-18   0.002    -1e-14    -3.3e-17   3.3      -2e-17     2e-15   
  -2.2e-19   2.2e-05  -8.3e-20  -2.1e-19   2.2e-05  -1.3e-19  -2.2e-19   2.2e-05   5.2e-17   1.1e-17   1         2.4e-15 
  -7.2e-19   0.0032    0.002    -1.3e-18   2.6e-18   0.002    -6.5e-20   1e-19     0.002    -2.1e-15  -1.5e-15   3.3     
   0.00031   0.00027  -8.1e-19   0.00031   0.00027  -1.4e-18   0.00031   9.9e-22  -2e-19     9.5e-05  -5.3e-19   1.2e-16 
   9.9e-22   5.2e-05  -8.1e-20   3.3e-20   5.2e-05  -2e-19    -1e-21     5.2e-05  -7.9e-20  -2.6e-23   5.2e-05  -1e-16   
   5.4e-21   0.00027   0.00031   1e-21     9e-19     0.00031   1.9e-19   2.3e-19   0.00031   1.1e-20  -9.3e-21   9.5e-05 

CONTACT
ACTUATOR_VELOCITY
   5.9e-17 
   6.2e-17 
   6e-16   
  -1.6e-14 
   1.2e-19 
   2e-16   

CVEL
   0         0         0         0         0         0       
   8.2e-17  -2e-17     1.2e-18  -4.2e-18  -1.7e-17  -8.8e-19 
   3.5e-18  -1.5e-16   3.3e-16   1.5e-17   2.1e-17   1.9e-17 
   1.1e-15  -5.7e-19   2.7e-16   6.2e-18   7.6e-17  -9.3e-18 
  -1.6e-14   1.2e-19   2e-16     1.7e-17  -6.2e-16  -2.7e-15 

CDOF_DOT
   0         0         0         0         0         0       
   0         0         0         0         0         0       
   0         0        -0         0         0         0       
  -4.1e-34   1.2e-18   2e-17     8e-19     2.5e-18   2e-17   
  -1.2e-18  -2.3e-31   8.2e-17   3.4e-18   1e-17    -5.1e-18 
  -2e-17    -8.2e-17  -2.3e-31  -1.7e-17   4.2e-18   1.1e-17 
  -7.8e-32   3.3e-16   1.5e-16  -7.3e-18   1.9e-17  -2.1e-17 
  -3.3e-16   1.1e-32   3.5e-18  -3.8e-17  -1.4e-17   8.6e-18 
  -1.5e-16  -3.5e-18  -9.3e-32   6.2e-17  -1.3e-18   6e-18   
   5.3e-33   2.7e-16   5.7e-19  -1.1e-17  -1.9e-16  -2.8e-17 
  -2.7e-16   2.3e-30   1.1e-15   9.3e-18  -1.5e-16   6.2e-18 
  -5.7e-19  -1.1e-15   2.3e-30   1.1e-16  -4.9e-17  -1.4e-16 

QFRC_BIAS
  -3.5e-32 
  -1e-33   
   3.5e-32 
  -1.7e-34 
  -3.2e-34 
   3.5e-32 
  -1.7e-34 
  -3.6e-36 
  -6.9e-35 
  -8.3e-36 
  -5.5e-36 
   2.7e-36 

QFRC_PASSIVE
   2.6e-16 
  -3.8e-17 
  -2.5e-16 
   6.6e-17 
   2.6e-17 
  -2.5e-16 
   6.6e-17 
  -6.3e-21 
  -5.5e-17 
   2.9e-17 
  -1.7e-22 
  -4e-18   

SUBTREE_LINVEL
   0         0         0       
   0         0         0       
   0         0         0       
   0         0         0       
   0         0         0       

SUBTREE_ANGMOM
   0         0         0       
   0         0         0       
   0         0         0       
   0         0         0       
   0         0         0       

ACTUATOR_FORCE
   2.8e-16 
   7.7e-16 
  -3.2e-15 
   1.8e-15 
   9.7e-18 
  -2.6e-19 

QFRC_ACTUATOR
   2.4e-15 
   8.8e-16 
   2.6e-16 
   2.6e-15 
   8.1e-16 
   2.6e-16 
   2.6e-15 
   9.7e-18 
   7e-17   
   2e-15   
   9.7e-18 
   1.4e-17 

QFRC_SMOOTH
   2.7e-15 
   8.4e-16 
   1.5e-17 
   2.7e-15 
   8.3e-16 
   1.5e-17 
   2.7e-15 
   9.7e-18 
   1.5e-17 
   2e-15   
   9.7e-18 
   9.9e-18 

QACC_SMOOTH
   3.7e-19 
   2.7e-15 
   1.6e-21 
   3.6e-15 
   1.6e-12 
   5e-19   
  -1.1e-11 
  -1.6e-12 
  -4.5e-14 
   1.8e-10 
   7.3e-12 
   8.6e-13 

QFRC_CONSTRAINT
   0       
   0       
   0       
   0       
   0       
   0       
   0       
   0       
   0       
   0       
   0       
   0       

QFRC_INVERSE
   0       
   0       
   0       
   0       
   0       
   0       
   0       
   0       
   0       
   0       
   0       
   0       

CACC
   0         0         0         0         0         0       
   0         0         0         0         0         0       
   0         0         0         0         0         0       
   0         0         0         0         0         0       
   0         0         0         0         0         0       

CFRC_INT
   0         0         0         0         0         0       
   0         0         0         0         0         0       
   0         0         0         0         0         0       
   0         0         0         0         0         0       
   0         0         0         0         0         0       

CFRC_EXT
   0         0         0         0         0         0       
   0         0         0         0         0         0       
   0         0         0         0         0         0       
   0         0         0         0         0         0       
   0         0         0         0         0         0       

